&MAIN_NML
 DELT= 0.10000000000000001     ,
 DELX=  10.000000000000000     ,
 DELY=  10.000000000000000     ,
 NI=        100,
 NJ=        100,
 NTSTEP=       2000,
 EPSL= 0.01,
 /
!!!
